function [tot_pred1 ] = interp_pred_f_5_5_21(I_cur,S_cur,prs_cur)
%INTERPOLATING ALL THE FUNCTION RELATIONSHIPS WITH CURRENT AND SPONTANEOUS
%RATE THAT WERE OBSERVED:


I_S_t_PS_SP = [  0  131.0000    0.0000    0.0000    1.0000    1.0000
    4.5000  131.0000    -0.0002    0.0000    1.0000    1.0000
    9.5000  131.0000    -0.0006    0.0000    1.0000    1.0000
    13.5000  131.0000    -0.0008    0.0000    1.0000    1.0000
    18.0000  131.0000    -0.0008    0.0000    1.0000    1.0000
    22.5000  131.0000    -0.0008    0.0000    1.0000    1.0000
    27.0000  131.0000    -0.001    0.0001    1.0000    1.0000
    31.5000  131.0000    0.006    0.0006    1.0000    1.0000
    36.0000  131.0000    0.0037    0.0037    1.0000    1.0000
    40.5000  131.0000    0.0219    0.01    1.0000    1.0000
    45.0000  131.0000    0.1192    0.02    1.0000    1.0000
    49.5000  131.0000    0.4502    0.3    1.0000    1.0000
    54.0000  131.0000    0.8320    0.8320    1.0000    1.0000
    58.5000  131.0000    0.9677    0.9677    1.0000    1.0000
    63.0000  131.0000    0.9945    0.9945    1.0000    1.0000
    67.5000  131.0000    0.9991    0.9991    1.0000    1.0000
    72.0000  131.0000    0.9998    0.9998    1.0000    1.0000
    76.5000  131.0000    1.0000    1.0000    1.0000    1.0000
    81.0000  131.0000    1.0000    1.0000    1.0000    1.0000
    85.5000  131.0000    1.0000    1.0000    1.0000    1.0000
    90.0000  131.0000    1.0000    1.0000    1.0000    1.0000
    96.0000  131.0000    1.0000    1.0000    1.0000    1.0000
    108.0000  131.0000    1.0000    1.0000    1.0000    1.0000
    120.0000  131.0000    1.0000    1.0000    1.0000    1.0000
    132.0000  131.0000    1.0000    1.0000    1.0000    1.0000
    144.0000  131.0000    1.0000    1.0000    1.0000    1.0000
    156.0000  131.0000    1.0000    1.0000    0.9963    0.9963
    168.0000  131.0000    1.0000    1.0000    0.6900    0.6900
    180.0000  131.0000    1.0000    1.0000    0.0180    0.0180
    192.0000  131.0000    1.0000    1.0000    0.0002    0.0002
    204.0000  131.0000    1.0000    .5    0.0000    0.0000
    216.0000  131.0000    1.0000    .4    0.0000    0.0000
    228.0000  131.0000    1.0000    .34    0.0000    0.0000
    240.0000  131.0000    1.0000    .3    0.0000    0.0000
    252.0000  131.0000    1.0000    .3    0.0000    0.0000
    264.0000  131.0000    1.0000    .1    0.0000    0.0000
    276.0000  131.0000    1.0000    .1    0.0000    0.0000
    288.0000  131.0000    1.0000    .1    0.0000    0.0000
    300.0000  131.0000    1.0000    00    0.0000    0.0000
    312.0000  131.0000    1.0000    000    0.0000    0.0000
    324.0000  131.0000    1.0000    00    0.0000    0.0000
    336.0000  131.0000    1.0000    00    0.0000    0.0000
    348.0000  131.0000    1.0000    00    0.0000    0.0000
    360.0000  131.0000    1.0000    00    0.0000    0.0000
    500.0000  131.0000    1.0000    00    0.0000    0.0000
    
    0   85.9000    0.0000    0.0000    1.0000    1.0000
    4.5000   85.9000    0.0001    0.0001    1.0000    1.0000
    9.5000   85.9000    0.0002    0.003    1.0000    1.0000
    13.5000   85.9000    0.0003    0.004    1.0000    1.0000
    18.0000   85.9000    0.0005    0.01    1.0000    1.0000
    22.5000   85.9000    0.0008    0.2    1.0000    1.0000
    27.0000   85.9000    0.001    0.3    1.0000    1.0000
    31.5000   85.9000    0.0014    0.3    1.0000    1.0000
    36.0000   85.9000    0.0037    0.3    1.0000    1.0000
    40.5000   85.9000    0.0219    0.65    1.0000    1.0000
    45.0000   85.9000    0.1192    0.7    1.0000    1.0000
    49.5000   85.9000    0.4502    0.78    1.0000    1.0000
    54.0000   85.9000    0.8320    0.88    1.0000    1.0000
    58.5000   85.9000    0.9677    0.92    1.0000    1.0000
    63.0000   85.9000    0.9945    0.93    1.0000    1.0000
    67.5000   85.9000    0.9991    0.94   1.0000    1.0000
    72.0000   85.9000    0.9998    0.95   1.0000    1.0000
    76.5000   85.9000    1.0000    .96    1.0000    1.0000
    81.0000   85.9000    1.0000    .97    1.0000    1.0000
    85.5000   85.9000    1.0000    .98    1.0000    1.0000
    90.0000   85.9000    1.0000    1.0000    1.0000    1.0000
    96.0000   85.9000    1.0000    1.0000    1.0000    1.0000
    108.0000   85.9000    1.0000    1.0000    1.0000    1.0000
    120.0000   85.9000    1.0000    1.0000    1.0000    1.0000
    132.0000   85.9000    1.0000    1.0000    1.0000    1.0000
    144.0000   85.9000    1.0000    1.0000    1.0000    1.0000
    156.0000   85.9000    1.0000    1.0000    0.9963    0.9963
    168.0000   85.9000    1.0000    1.0000    0.6900    0.6900
    180.0000   85.9000    1.0000    1.0000    0.0180    0.0180
    192.0000   85.9000    1.0000    1.0000    0.0002    0.0002
    204.0000   85.9000    1.0000    1.0000    0.0000    0.0000
    216.0000   85.9000    1.0000    1.0000    0.0000    0.0000
    228.0000   85.9000    1.0000    .6    0.0000    0.0000
    240.0000   85.9000    1.0000    .55    0.0000    0.0000
    252.0000   85.9000    1.0000    .3    0.0000    0.0000
    264.0000   85.9000    1.0000    .3    0.0000    0.0000
    276.0000   85.9000    1.0000    .3    0.0000    0.0000
    288.0000   85.9000    1.0000    .3    0.0000    0.0000
    300.0000   85.9000    1.0000    .1    0.0000    0.0000
    312.0000   85.9000    1.0000    .1    0.0000    0.0000
    324.0000   85.9000    1.0000    .1    0.0000    0.0000
    336.0000   85.9000    1.0000    0    0.0000    0.0000
    348.0000   85.9000    1.0000    0    0.0000    0.0000
    360.0000   85.9000    1.0000    0    0.0000    0.0000
    500.0000   85.9000    1.0000    0    0.0000    0.0000
    
    0   55.6900    0.0000    0.000    1.0000    1.0000
    4.5000   55.6900    0.0001    0.001    1.0000    1.0000
    9.5000   55.6900    0.0004    0.001    1.0000    1.0000
    13.5000   55.6900    0.0008    0.001    1.0000    1.0000
    18.0000   55.6900    0.0014    0.001    1.0000    1.0000
    22.5000   55.6900    0.002    0.001    1.0000    1.0000
    27.0000   55.6900    0.003    0.3    1.0000    1.0000
    31.5000   55.6900    0.0035    0.4    1.0000    1.0000
    36.0000   55.6900    0.0035    0.4    1.0000    1.0000
    40.5000   55.6900    0.0036    0.4  1.0000    1.0000
    45.0000   55.6900    0.0037    0.4   1.0000    1.0000
    49.5000   55.6900    0.0045    0.41    1.0000    1.0000
    54.0000   55.6900    0.012    0.75    1.0000    1.0000
    58.5000   55.6900    0.9677    0.82    1.0000    1.0000
    63.0000   55.6900    0.9945    0.93    1.0000    1.0000
    67.5000   55.6900    0.9991    0.9991    1.0000    1.0000
    72.0000   55.6900    0.9998    0.9998    1.0000    1.0000
    76.5000   55.6900    1.0000    1.0000    1.0000    1.0000
    81.0000   55.6900    1.0000    1.0000    1.0000    1.0000
    85.5000   55.6900    1.0000    1.0000    1.0000    1.0000
    90.0000   55.6900    1.0000    1.0000    1.0000    1.0000
    96.0000   55.6900    1.0000    1.0000    1.0000    1.0000
    108.0000   55.6900    1.0000    1.0000    1.0000    1.0000
    120.0000   55.6900    1.0000    1.0000    1.0000    1.0000
    132.0000   55.6900    1.0000    1.0000    1.0000    1.0000
    144.0000   55.6900    1.0000    1.0000    1.0000    1.0000
    156.0000   55.6900    1.0000    1.0000    0.9963    0.9963
    168.0000   55.6900    1.0000    1.0000    0.6900    0.6900
    180.0000   55.6900    1.0000    1.0000    0.0180    0.0180
    192.0000   55.6900    1.0000    1.0000    0.0002    0.0002
    204.0000   55.6900    1.0000    1.0000    0.0000    0.0000
    216.0000   55.6900    1.0000    1.0000    0.0000    0.0000
    228.0000   55.6900    1.0000    .95    0.0000    0.0000
    240.0000   55.6900    1.0000    .88    0.0000    0.0000
    252.0000   55.6900    1.0000    .72    0.0000    0.0000
    264.0000   55.6900    1.0000    .35   0.0000    0.0000
    276.0000   55.6900    1.0000    .15    0.0000    0.0000
    288.0000   55.6900    1.0000    .1    0.0000    0.0000
